[111,0]
[78,0]
[176,0]
[147,0]
[112,0]
[121,0]
[159,0]
[54,0]
[99,0]
[174,0]
[118,0]
[82,0]
[158,0]
[195,0]
[133,0]
[66,0]
[61,0]
[57,0]
[74,0]
[89,0]
[95,0]
[68,0]
[120,0]
[71,0]
[81,0]
[70,0]
[89,0]
[121,0]
[151,0]
[77,0]
[151,0]
[114,0]
[89,0]
[55,0]
[100,0]
[75,0]
[47,0]
[69,0]
[153,0]
[74,0]
[124,0]
[74,0]
[98,0]
[66,0]
[117,0]
[69,0]
[81,0]
[119,0]
[95,0]
[78,0]
[89,0]
[53,0]
[53,0]
[65,0]
[104,0]
[236,0]
[48,0]
[71,0]
[91,0]
[96,0]
[86,0]
[213,0]
[132,0]
[82,0]
[73,0]
[62,0]
[270,0]
[80,0]
[84,0]
[41,0]
[82,0]
[58,0]
[91,0]
[89,0]
[75,0]
[150,0]
[274,0]
[110,0]
[97,0]
[70,0]
[62,0]
[183,0]
[53,0]
[246,0]
[64,0]
[82,0]
[66,0]
[80,0]
[87,0]
[129,0]
[110,0]
[93,0]
[175,0]
[104,0]
[75,0]
[183,0]
[181,0]
[110,0]
[277,0]
[87,0]
[48,0]
[114,0]
[88,0]
[48,0]
[110,0]
[117,0]
[103,0]
[76,0]
[56,0]
[220,0]
[92,0]
[136,0]
[52,0]
[133,0]
[92,0]
[80,0]
[48,0]
[49,0]
[59,0]
[93,0]
[92,0]
[83,0]
[72,0]
[182,0]
[48,0]
[91,0]
[123,0]
[85,0]
[76,0]
[61,0]
[123,0]
[69,0]
[375,0]
[35,0]
[179,0]
[90,0]
[130,0]
[46,0]
[53,0]
[94,0]
[48,0]
[77,0]
[109,0]
[112,0]
[72,0]
[64,0]
[118,0]
[71,0]
[81,0]
[85,0]
[99,0]
[54,0]
[180,0]
[168,0]
[89,0]
[37,0]
[69,0]
[124,0]
[116,0]
[184,0]
[120,0]
[93,0]
[56,0]
[130,0]
[66,0]
[100,0]
[77,0]
[63,0]
[71,0]
[53,0]
[80,0]
[147,0]
[59,0]
[93,0]
[272,0]
[146,0]
[122,0]
[58,0]
[159,0]
[97,0]
[111,0]
[147,0]
[75,0]
[150,0]
[119,0]
[48,0]
[63,0]
[123,0]
[151,0]
[83,0]
[72,0]
[131,0]
[54,0]
[54,0]
[89,0]
[133,0]
[50,0]
[121,0]
[71,0]
[248,0]
[76,0]
[68,0]
[65,0]
[118,0]
[68,0]
[124,0]
[122,0]
[71,0]
[85,0]
[69,0]
[64,0]
[79,0]
[58,0]
[221,0]
[146,0]
[50,0]
[108,0]
[117,0]
[124,0]
[81,0]
[94,0]
[65,0]
[126,0]
[77,0]
[320,0]
[119,0]
[35,0]
[165,0]
[78,0]
[74,0]
[107,0]
[124,0]
[73,0]
[111,0]
[120,0]
[51,0]
[119,0]
[65,0]
[46,0]
[157,0]
[117,0]
[181,0]
[72,0]
[53,0]
[187,0]
[175,0]
[71,0]
[96,0]
[89,0]
[174,0]
[66,0]
[64,0]
[120,0]
[78,0]
[71,0]
[127,0]
[152,0]
[64,0]
[69,0]
[69,0]
[183,0]
[37,0]
[105,0]
[122,0]
[81,0]
[151,0]
[116,0]
[56,0]
[82,0]
[98,0]
[303,0]
[109,0]
[146,0]
[78,0]
[71,0]
[224,0]
[76,0]
[51,0]
[162,0]
[87,0]
[72,0]
[78,0]
[320,0]
[62,0]
[70,0]
[280,0]
[67,0]
[145,0]
[74,0]
[95,0]
[52,0]
[106,0]
[177,0]
[56,0]
[87,0]
[187,0]
[83,0]
[87,0]
[96,0]
[235,0]
[101,0]
[107,0]
[49,0]
[130,0]
[88,0]
[112,0]
[74,0]
[83,0]
[105,0]
[65,0]
[78,0]
[98,0]
[67,0]
[76,0]
[61,0]
[80,0]
[125,0]
[54,0]
[72,0]
[48,0]
[86,0]
[83,0]
[183,0]
[142,0]
[55,0]
[54,0]
[93,0]
[105,0]
[62,0]
[88,0]
[185,0]
[88,0]
[99,0]
[62,0]
[74,0]
[48,0]
[100,0]
[96,0]
[304,0]
[165,0]
[179,0]
[48,0]
[130,0]
[69,0]
[130,0]
[77,0]
[246,0]
[123,0]
[80,0]
[38,0]
[135,0]
[62,0]
[39,0]
[53,0]
[210,0]
[76,0]
[134,0]
[123,0]
[61,0]
[95,0]
[300,0]
[48,0]
[94,0]
[84,0]
[141,0]
[280,0]
[73,0]
[58,0]
[264,0]
[101,0]
[115,0]
[192,0]
[73,0]
[159,0]
[119,0]
[70,0]
[63,0]
[73,0]
[109,0]
[72,0]
[73,0]
[155,0]
[106,0]
[59,0]
[86,0]
[214,0]
[74,0]
[68,0]
[184,0]
[118,0]
[89,0]
[122,0]
[66,0]
[120,0]
[125,0]
[85,0]
[73,0]
[190,0]
[99,0]
[120,0]
[103,0]
[67,0]
[119,0]
[76,0]
[182,0]
[67,0]
[54,0]
[115,0]
[51,0]
[55,0]
[130,0]
[48,0]
[200,0]
[67,0]
[80,0]
[81,0]
[121,0]
[83,0]
[74,0]
[217,0]
[88,0]
[90,0]
[79,0]
[46,0]
[104,0]
[65,0]
[57,0]
[85,0]
[232,0]
[122,0]
[161,0]
[96,0]
[41,0]
[46,0]
[92,0]
[65,0]
[153,0]
[65,0]
[121,0]
[109,0]
[87,0]
[57,0]
[124,0]
[142,0]
[70,0]
[98,0]
[81,0]
[152,0]
[90,0]
[219,0]
[165,0]
[85,0]
[118,0]
[87,0]
[62,0]
[98,0]
[268,0]
[59,0]
[128,0]
[101,0]
[168,0]
[354,0]
[124,0]
[145,0]
[156,0]
[48,0]
[115,0]
[57,0]
[84,0]
[81,0]
[68,0]
[161,0]
[66,0]
[89,0]
[54,0]
[79,0]
[89,0]
[47,0]
[79,0]
[234,0]
[223,0]
[57,0]
[69,0]
[129,0]
[149,0]
[90,0]
[159,0]
[73,0]
[319,0]
[121,0]
[116,0]
[69,0]
[95,0]
[92,0]
[134,0]
[79,0]
[159,0]
[165,0]
[128,0]
[156,0]
[99,0]
[159,0]
[189,0]
[63,0]
[94,0]
[60,0]
[51,0]
[85,0]
[76,0]
[67,0]
[111,0]
[77,0]
[215,0]
[89,0]
[99,0]
[64,0]
[81,0]
[176,0]
[223,0]
[76,0]
[58,0]
[120,0]
[78,0]
[72,0]
[151,0]
[179,0]
[64,0]
[133,0]
[85,0]
[239,0]
[123,0]
[139,0]
[72,0]
[53,0]
[178,0]
[219,0]
[56,0]
[78,0]
[64,0]
[76,0]
[79,0]
[63,0]
[71,0]
[123,0]
[84,0]
[128,0]
[118,0]
[151,0]
[207,0]
[48,0]
[48,0]
[112,0]
[65,0]
[84,0]
[86,0]
[80,0]
[90,0]
[87,0]
[49,0]
[64,0]
[88,0]
[83,0]
[70,0]
[175,0]
[79,0]
[97,0]
[209,0]
[102,0]
[56,0]
[83,0]
[59,0]
[107,0]
[89,0]
[71,0]
[150,0]
[141,0]
[67,0]
[96,0]
[104,0]
[143,0]
[320,0]
[89,0]
[108,0]
[77,0]
[80,0]
[107,0]
[282,0]
[115,0]
[110,0]
[179,0]
[86,0]
[151,0]
[259,0]
[165,0]
[61,0]
[63,0]
[130,0]
[70,0]
[62,0]
[81,0]
[71,0]
[141,0]
[73,0]
[119,0]
[123,0]
[74,0]
[88,0]
[204,0]
[62,0]
[98,0]
[127,0]
[95,0]
[73,0]
[55,0]
[72,0]
[114,0]
[80,0]
[123,0]
[104,0]
[119,0]
[74,0]
[93,0]
[235,0]
[82,0]
[79,0]
[74,0]
[114,0]
[96,0]
[72,0]
[75,0]
[104,0]
[88,0]
[105,0]
[88,0]
[117,0]
[75,0]
[74,0]
[64,0]
[93,0]
[121,0]
[70,0]
[74,0]
[126,0]
[139,0]
[124,0]
[63,0]
[124,0]
[211,0]
[109,0]
[73,0]
[124,0]
[81,0]
[66,0]
[89,0]
[114,0]
[48,0]
[87,0]
[137,0]
[56,0]
[72,0]
[80,0]
[119,0]
[139,0]
[70,0]
[95,0]
[87,0]
[112,0]
[40,0]
[53,0]
[82,0]
[61,0]
[49,0]
[66,0]
[65,0]
[133,0]
[77,0]
[159,0]
[233,0]
[192,0]
[140,0]
[59,0]
[120,0]
[54,0]
[112,0]
[88,0]
[244,0]
[330,0]
[96,0]
[64,0]
[222,0]
[94,0]
[118,0]
[118,0]
[85,0]
[93,0]
[86,0]
[66,0]
[77,0]
[38,0]
[65,0]
[85,0]
[103,0]
[65,0]
[81,0]
[51,0]
[87,0]
[55,0]
[91,0]
[180,0]
[67,0]
[123,0]
[155,0]
[92,0]
[94,0]
[60,0]
[62,0]
[70,0]
[80,0]
[111,0]
[108,0]
[101,0]
[76,0]
[266,0]
[126,0]
[70,0]
[76,0]
[71,0]
[87,0]
[121,0]
[125,0]
[187,0]
[320,0]
[88,0]
[72,0]
[80,0]
[171,0]
[106,0]
[73,0]
[96,0]
[66,0]
[137,0]
[70,0]
[61,0]
[82,0]
[96,0]
[119,0]
[81,0]
[149,0]
[121,0]
[59,0]
[111,0]
[128,0]
[70,0]
[192,0]
[63,0]
[122,0]
[72,0]
[77,0]
[75,0]
[118,0]
[431,0]
[75,0]
[77,0]
[122,0]
[123,0]
[77,0]
[250,0]
[426,0]
[55,0]
[66,0]
[69,0]
[225,0]
[99,0]
[72,0]
[172,0]
[290,0]
[215,0]
[124,0]
[51,0]
[351,0]
[81,0]
[65,0]
[69,0]
[45,0]
[289,0]
[136,0]
[65,0]
[78,0]
[97,0]
[203,0]
[80,0]
[98,0]
[60,0]
[89,0]
[48,0]
[78,0]
[48,0]
[161,0]
[260,0]
[68,0]
[74,0]
[78,0]
[53,0]
[87,0]
[264,0]
[67,0]
[68,0]
[53,0]
[84,0]
[87,0]
[88,0]
[235,0]
[270,0]
[101,0]
[60,0]
[137,0]
[300,0]
[124,0]
[51,0]
[204,0]
[92,0]
[197,0]
[78,0]
[102,0]
[71,0]
[252,0]
[61,0]
[117,0]
[116,0]
[75,0]
[100,0]
[85,0]
[184,0]
[148,0]
[175,0]
[72,0]
[63,0]
[171,0]
[74,0]
[81,0]
[339,0]
[190,0]
[35,0]
[89,0]
[61,0]
[65,0]
[93,0]
[118,0]
[310,0]
[109,0]
[268,0]
[98,0]
[52,0]
[49,0]
[97,0]
[111,0]
[87,0]
[69,0]
[98,0]
[61,0]
[72,0]
[80,0]
[57,0]
[64,0]
[59,0]
[155,0]
[120,0]
[86,0]
[123,0]
[143,0]
[78,0]
[267,0]
[253,0]
[145,0]
[96,0]
[120,0]
[184,0]
[51,0]
[126,0]
[56,0]
[385,0]
[96,0]
[56,0]
[62,0]
[79,0]
[65,0]
[111,0]
[51,0]
[53,0]
[119,0]
[54,0]
[66,0]
[114,0]
[82,0]
[92,0]
[101,0]
[63,0]
[87,0]
[107,0]
[156,0]
[72,0]
[115,0]
[131,0]
[67,0]
[124,0]
[99,0]
[52,0]
[48,0]
[48,0]
[86,0]
[128,0]
[60,0]
[108,0]
[186,0]
[338,0]
[101,0]
[113,0]
[96,0]
[120,0]
[225,0]
[58,0]
[135,0]
[39,0]
[90,0]
[63,0]
[70,0]
[60,0]
[189,0]
[113,0]
[110,0]
[118,0]
[84,0]
[242,0]
[127,0]
[60,0]
[66,0]
[78,0]
[132,0]
[83,0]
[126,0]
[121,0]
[101,0]
[68,0]
[98,0]
[144,0]
[73,0]
[160,0]
[77,0]
[251,0]
[89,0]
[84,0]
[98,0]
[89,0]
[85,0]
[82,0]
[107,0]
[170,0]
[129,0]
[100,0]
[64,0]
[60,0]
[97,0]
[122,0]
[57,0]
[140,0]
[129,0]
[157,0]
[141,0]
[86,0]
[85,0]
[200,0]
[98,0]
[81,0]
[111,0]
[132,0]
[180,0]
[156,0]
[109,0]
[101,0]
[93,0]
[98,0]
[88,0]
[88,0]
[80,0]
[93,0]
[73,0]
[118,0]
[91,0]
[47,0]
[109,0]
[71,0]
[217,0]
[210,0]
[65,0]
[132,0]
[60,0]
[71,0]
[49,0]
[77,0]
[70,0]
[81,0]
[78,0]
[74,0]
[103,0]
[276,0]
[59,0]
[59,0]
[53,0]
[100,0]
[109,0]
[82,0]
[48,0]
[69,0]
[67,0]
[68,0]
[49,0]
[85,0]
[114,0]
[105,0]
[154,0]
[91,0]
[48,0]
[109,0]
[103,0]
[48,0]
[221,0]
[66,0]
[106,0]
[120,0]
[130,0]
[48,0]
[102,0]
[120,0]
[179,0]
[108,0]
[69,0]
[68,0]
[152,0]
[48,0]
[69,0]
[65,0]
[51,0]
[78,0]
[47,0]
[112,0]
[124,0]
[53,0]
[200,0]
[60,0]
[85,0]
[74,0]
[81,0]
[101,0]
[181,0]
[93,0]
[192,0]
[64,0]
[107,0]
[104,0]
[48,0]
[81,0]
[97,0]
[96,0]
[63,0]
[300,0]
[53,0]
[69,0]
[48,0]
[59,0]
[196,0]
[112,0]
[72,0]
[122,0]
[156,0]
[253,0]
[143,0]
[72,0]
[98,0]
[58,0]
[106,0]
[141,0]
[72,0]
[155,0]
[75,0]
[103,0]
[110,0]
[69,0]
[202,0]
[80,0]
[121,0]
[229,0]
[67,0]
[57,0]
[213,0]
[64,0]
[49,0]
[134,0]
[118,0]
[62,0]
[101,0]
[89,0]
[84,0]
[91,0]
[204,0]
[65,0]
[84,0]
[120,0]
[99,0]
[66,0]
[91,0]
[300,0]
[205,0]
[98,0]
[98,0]
[68,0]
[82,0]
[81,0]
[177,0]
[131,0]
[83,0]
[87,0]
[81,0]
[88,0]
[94,0]
[52,0]
[312,0]
[118,0]
[77,0]
[79,0]
[222,0]
[65,0]
[155,0]
[223,0]
[117,0]
[71,0]
[73,0]
[146,0]
[79,0]
[80,0]
[118,0]
[97,0]
[60,0]
[124,0]
[86,0]
[70,0]
[192,0]
[115,0]
[178,0]
[79,0]
[62,0]
[73,0]
[241,0]
[72,0]
[207,0]
[227,0]
[75,0]
[87,0]
[79,0]
[224,0]
[95,0]
[50,0]
[63,0]
[59,0]
[37,0]
[98,0]
[63,0]
[139,0]
[137,0]
[69,0]
[113,0]
[107,0]
[48,0]
[78,0]
[92,0]
[159,0]
[85,0]
[157,0]
[90,0]
[130,0]
[248,0]
[88,0]
[139,0]
[99,0]
[267,0]
[61,0]
[105,0]
[56,0]
[60,0]
[61,0]
[48,0]
[77,0]
[91,0]
[116,0]
[134,0]
[128,0]
[76,0]
[96,0]
[170,0]
[55,0]
[189,0]
[78,0]
[123,0]
[97,0]
[59,0]
[109,0]
[103,0]
[131,0]
[98,0]
[131,0]
[194,0]
[120,0]
[54,0]
[181,0]
[214,0]
[81,0]
[92,0]
[165,0]
[81,0]
[138,0]
[122,0]
[99,0]
[47,0]
[79,0]
[56,0]
[79,0]
[79,0]
[65,0]
[79,0]
[128,0]
[126,0]
[75,0]
[112,0]
[83,0]
[153,0]
[95,0]
[75,0]
[49,0]
[185,0]
[125,0]
[109,0]
[65,0]
[81,0]
[231,0]
[129,0]
[101,0]
[194,0]
[131,0]
[84,0]
[271,0]
[83,0]
[75,0]
[74,0]
[115,0]
[117,0]
[66,0]
[95,0]
[87,0]
[95,0]
[67,0]
[121,0]
[108,0]
[103,0]
[129,0]
[74,0]
[100,0]
[227,0]
[122,0]
[74,0]
[177,0]
[98,0]
[48,0]
[57,0]
[81,0]
[92,0]
[64,0]
[117,0]
[122,0]
[50,0]
[76,0]
[185,0]
[67,0]
[92,0]
[61,0]
[189,0]
[83,0]
[54,0]
[88,0]
[102,0]
[54,0]
[60,0]
[97,0]
[62,0]
[120,0]
[88,0]
[121,0]
[80,0]
[49,0]
[102,0]
[49,0]
[124,0]
[87,0]
[212,0]
[100,0]
[131,0]
[71,0]
[68,0]
[66,0]
[152,0]
[63,0]
[55,0]
[72,0]
[121,0]
[222,0]
[122,0]
[89,0]
[147,0]
[102,0]
[104,0]
[123,0]
[184,0]
[104,0]
[96,0]
[75,0]
[120,0]
[93,0]
[75,0]
[87,0]
[100,0]
[85,0]
[51,0]
[80,0]
[58,0]
[177,0]
[284,0]
[97,0]
[176,0]
[85,0]
[132,0]
[246,0]
[150,0]
[153,0]
[121,0]
[105,0]
[88,0]
[250,0]
[71,0]
[101,0]
[90,0]
[90,0]
[56,0]
[68,0]
[150,0]
[165,0]
[78,0]
[72,0]
[51,0]
[83,0]
[163,0]
[154,0]
[59,0]
[83,0]
[63,0]
[87,0]
[64,0]
[54,0]
[119,0]
[176,0]
[115,0]
[173,0]
[87,0]
[140,0]
[139,0]
[68,0]
[102,0]
[52,0]
[125,0]
[218,0]
[48,0]
[60,0]
[83,0]
[95,0]
[97,0]
[198,0]
[88,0]
[84,0]
[187,0]
[95,0]
[73,0]
[80,0]
[120,0]
[194,0]
[101,0]
[93,0]
[118,0]
[61,0]
[94,0]
[97,0]
[66,0]
[67,0]
[55,0]
[48,0]
[80,0]
[105,0]
[109,0]
[48,0]
[96,0]
[84,0]
[320,0]
[413,0]
[207,0]
[84,0]
[118,0]
[64,0]
[162,0]
[54,0]
[250,0]
[83,0]
[83,0]
[74,0]
[88,0]
[71,0]
[66,0]
[85,0]
[404,0]
[109,0]
[119,0]
[102,0]
[59,0]
[73,0]
[385,0]
[116,0]
[94,0]
[109,0]
[67,0]
[77,0]
[183,0]
[58,0]
[268,0]
[74,0]
[96,0]
[68,0]
[208,0]
[181,0]
[57,0]
[59,0]
[53,0]
[50,0]
[94,0]
[40,0]
[48,0]
[85,0]
[75,0]
[88,0]
[135,0]
[110,0]
[96,0]
[98,0]
[122,0]
[101,0]
[50,0]
[122,0]
[118,0]
[101,0]
[135,0]
[141,0]
[83,0]
[118,0]
[59,0]
[86,0]
[84,0]
[67,0]
[79,0]
[122,0]
[55,0]
[74,0]
[44,0]
[48,0]
[120,0]
[265,0]
[103,0]
[95,0]
[77,0]
[109,0]
[48,0]
[139,0]
[127,0]
[94,0]
[87,0]
[51,0]
[96,0]
[139,0]
[271,0]
[60,0]
[151,0]
[69,0]
[124,0]
[235,0]
[124,0]
[63,0]
[217,0]
[89,0]
[128,0]
[127,0]
[171,0]
[69,0]
[81,0]
[74,0]
[36,0]
[111,0]
[231,0]
[79,0]
[73,0]
[118,0]
[44,0]
[94,0]
[154,0]
[67,0]
[162,0]
[39,0]
[120,0]
[59,0]
[170,0]
[72,0]
[78,0]
[99,0]
[105,0]
[97,0]
[70,0]
[125,0]
[320,0]
[76,0]
[59,0]
[50,0]
[121,0]
[50,0]
[164,0]
[109,0]
[62,0]
[66,0]
[183,0]
[107,0]
[94,0]
[125,0]
[82,0]
[234,0]
[232,0]
[177,0]
[52,0]
[114,0]
[77,0]
[219,0]
[67,0]
[235,0]
[154,0]
[47,0]
[111,0]
[103,0]
[300,0]
[103,0]
[73,0]
[81,0]
[156,0]
[75,0]
[37,0]
[308,0]
[53,0][54,0]
[68,0]
[79,0]
[57,0]
[53,0]
[87,0]
[64,0]
[135,0]
[237,0]
[123,0]
[73,0]
[161,0]
[135,0]
[67,0]
[77,0]
[249,0]
[51,0]
[90,0]
[57,0]
[148,0]
[182,0]
[159,0]
[64,0]
[225,0]
[124,0]
[65,0]
[209,0]
[129,0]
[110,0]
[279,0]
[146,0]
[219,0]
[60,0]
[177,0]
[180,0]
[209,0]
[112,0]
[52,0]
[108,0]
[123,0]
[78,0]
[480,0]
[160,0]
[147,0]
[65,0]
[121,0]
[133,0]
[104,0]
[81,0]
[69,0]
[194,0]
[153,0]
[77,0]
[157,0]
[226,0]
[53,0]
[83,0]
[63,0]
[68,0]
[130,0]
[85,0]
[45,0]
[123,0]
[68,0]
[402,0]
[76,0]
[53,0]
[148,0]
[112,0]
[111,0]
[108,0]
[90,0]
[51,0]
[53,0]
[36,0]
[102,0]
[283,0]
[72,0]
[126,0]
[108,0]
[117,0]
[72,0]
[320,0]
[51,0]
[125,0]
[79,0]
[60,0]
[87,0]
[78,0]
[58,0]
[86,0]
[175,0]
[105,0]
[73,0]
[144,0]
[111,0]
[75,0]
[68,0]
[79,0]
[156,0]
[172,0]
[65,0]
[80,0]
[65,0]
[39,0]
[126,0]
[131,0]
[94,0]
[110,0]
[166,0]
[109,0]
[177,0]
[227,0]
[300,0]
[71,0]
[69,0]
[130,0]
[68,0]
[53,0]
[77,0]
[74,0]
[125,0]
[54,0]
[95,0]
[66,0]
[87,0]
[241,0]
[75,0]
[146,0]
[116,0]
[106,0]
[116,0]
[94,0]
[71,0]
[114,0]
[80,0]
[229,0]
[92,0]
[105,0]
[98,0]
[100,0]
[70,0]
[129,0]
[67,0]
[62,0]
[89,0]
[128,0]
[228,0]
[122,0]
[120,0]
[153,0]
[174,0]
[79,0]
[125,0]
[54,0]
[175,0]
[120,0]
[119,0]
[320,0]
[52,0]
[79,0]
[61,0]
[189,0]
[54,0]
[117,0]
[122,0]
[70,0]
[194,0]
[117,0]
[33,0]
[133,0]
[55,0]
[451,0]
[92,0]
[74,0]
[76,0]
[98,0]
[95,0]
[65,0]
[124,0]
[58,0]
[351,0]
[48,0]
[103,0]
[94,0]
[79,0]
[63,0]
[145,0]
[67,0]
[53,0]
[77,0]
[84,0]
[101,0]
[48,0]
[68,0]
[118,0]
[58,0]
[112,0]
[115,0]
[66,0]
[64,0]
[124,0]
[37,0]
[70,0]
[52,0]
[145,0]
[77,0]
[107,0]
[91,0]
[78,0]
[48,0]
[188,0]
[60,0]
[86,0]
[52,0]
[78,0]
[132,0]
[86,0]
[120,0]
[54,0]
[213,0]
[93,0]
[93,0]
[122,0]
[130,0]
[123,0]
[78,0]
[103,0]
[73,0]
[82,0]
[78,0]
[110,0]
[80,0]
[94,0]
[135,0]
[144,0]
[142,0]
[75,0]
[58,0]
[284,0]
[64,0]
[98,0]
[72,0]
[120,0]
[78,0]
[61,0]
[46,0]
[48,0]
[118,0]
[105,0]
[205,0]
[85,0]
[97,0]
[94,0]
[63,0]
[59,0]
[48,0]
[71,0]
[227,0]
[69,0]
[91,0]
[267,0]
[68,0]
[92,0]
[157,0]
[91,0]
[53,0]
[131,0]
[121,0]
[41,0]
[83,0]
[118,0]
[120,0]
[50,0]
[88,0]
[103,0]
[48,0]
[84,0]
[49,0]
[87,0]
[60,0]
[271,0]
[72,0]
[88,0]
[153,0]
[38,0]
[91,0]
[68,0]
[97,0]
[54,0]
[93,0]
[125,0]
[80,0]
[120,0]
[170,0]
[83,0]
[79,0]
[103,0]
[151,0]
[39,0]
[63,0]
[124,0]
[90,0]
[78,0]
[74,0]
[121,0]
[74,0]
[123,0]
[118,0]
[67,0]
[88,0]
[123,0]
[134,0]
[85,0]
[152,0]
[79,0]
[84,0]
[63,0]
[56,0]
[120,0]
[86,0]
[66,0]
[71,0]
[73,0]
[84,0]
[103,0]
[55,0]
[230,0]
[39,0]
[86,0]
[157,0]
[111,0]
[117,0]
[92,0]
[63,0]
[75,0]
[68,0]
[85,0]
[72,0]
[94,0]
[52,0]
[122,0]
[105,0]
[68,0]
[63,0]
[73,0]
[74,0]
[122,0]
[118,0]
[61,0]
[140,0]
[99,0]
[146,0]
[90,0]
[51,0]
[180,0]
[70,0]
[52,0]
[94,0]
[224,0]
[43,0]
[61,0]
[80,0]
[155,0]
[69,0]
[62,0]
[63,0]
[86,0]
[107,0]
[102,0]
[93,0]
[202,0]
[88,0]
[62,0]
[67,0]
[116,0]
[111,0]
[65,0]
[151,0]
[37,0]
[62,0]
[117,0]
[66,0]
[134,0]
[69,0]
[152,0]
[106,0]
[34,0]
[60,0]
[239,0]
[65,0]
[59,0]
[153,0]
[122,0]
[51,0]
[91,0]
[116,0]
[120,0]
[66,0]
[92,0]
[62,0]
[71,0]
[183,0]
[130,0]
[68,0]
[79,0]
[40,0]
[109,0]
[109,0]
[97,0]
[60,0]
[101,0]
[72,0]
[120,0]
[84,0]
[204,0]
[124,0]
[95,0]
[216,0]
[93,0]
[74,0]
[64,0]
[84,0]
[66,0]
[76,0]
[222,0]
[68,0]
[167,0]
[160,0]
[136,0]
[128,0]
[89,0]
[53,0]
[91,0]
[75,0]
[90,0]
[77,0]
[105,0]
[61,0]
[155,0]
[49,0]
[67,0]
[280,0]
[80,0]
[87,0]
[124,0]
[142,0]
[126,0]
[56,0]
[84,0]
[256,0]
[68,0]
[105,0]
[72,0]
[64,0]
[300,0]
[49,0]
[49,0]
[65,0]
[109,0]
[65,0]
[53,0]
[69,0]
[39,0]
[96,0]
[66,0]
[339,0]
[126,0]
[443,0]
[195,0]
[153,0]
[80,0]
[84,0]
[90,0]
[87,0]
[97,0]
[55,0]
[218,0]
[212,0]
[127,0]
[119,0]
[118,0]
[95,0]
[143,0]
[148,0]
[122,0]
[140,0]
[53,0]
[49,0]
[85,0]
[72,0]
[33,0]
[67,0]
[117,0]
[101,0]
[73,0]
[53,0]
[119,0]
[68,0]
[41,0]
[52,0]
[114,0]
[62,0]
[141,0]
[72,0]
[83,0]
[152,0]
[54,0]
[116,0]
[152,0]
[72,0]
[65,0]
[61,0]
[70,0]
[71,0]
[80,0]
[81,0]
[37,0]
[79,0]
[69,0]
[70,0]
[159,0]
[149,0]
[82,0]
[116,0]
[90,0]
[97,0]
[89,0]
[143,0]
[84,0]
[87,0]
[120,0]
[66,0]
[169,0]
[124,0]
[71,0]
[87,0]
[92,0]
[233,0]
[128,0]
[99,0]
[67,0]
[134,0]
[98,0]
[76,0]
[115,0]
[50,0]
[256,0]
[69,0]
[112,0]
[57,0]
[220,0]
[88,0]
[61,0]
[82,0]
[113,0]
[85,0]
[97,0]
[48,0]
[125,0]
[98,0]
[220,0]
[110,0]
[127,0]
[145,0]
[71,0]
[99,0]
[231,0]
[159,0]
[157,0]
[88,0]
[54,0]
[86,0]
[135,0]
[98,0]
[54,0]
[75,0]
[111,0]
[87,0]
[169,0]
[49,0]
[121,0]
[77,0]
[71,0]
[121,0]
[83,0]
[181,0]
[90,0]
[64,0]
[113,0]
[76,0]
[87,0]
[35,0]
[96,0]
[80,0]
[131,0]
[72,0]
[106,0]
[76,0]
[95,0]
[123,0]
[68,0]
[48,0]
[52,0]
[107,0]
[50,0]
[86,0]
[182,0]
[61,0]
[52,0]
[221,0]
[128,0]
[123,0]
[55,0]
[97,0]
[132,0]
[181,0]
[70,0]
[112,0]
[74,0]
[139,0]
[125,0]
[79,0]
[221,0]
[223,0]
[128,0]
[77,0]
[73,0]
[80,0]
[66,0]
[61,0]
[224,0]
[216,0]
[51,0]
[88,0]
[108,0]
[64,0]
[195,0]
[80,0]
[253,0]
[110,0]
[234,0]
[91,0]
[118,0]
[226,0]
[61,0]
[128,0]
[50,0]
[178,0]
[161,0]
[68,0]
[107,0]
[60,0]
[75,0]
[92,0]
[116,0]
[69,0]
[51,0]
[72,0]
[57,0]
[124,0]
[106,0]
[297,0]
[61,0]
[147,0]
[131,0]
[38,0]
[125,0]
[121,0]
[54,0]
[64,0]
[124,0]
[91,0]
[103,0]
[68,0]
[48,0]
[70,0]
[171,0]
[235,0]
[51,0]
[111,0]
[83,0]
[84,0]
[84,0]
[79,0]
[121,0]
[133,0]
[50,0]
[100,0]
[194,0]
[193,0]
[122,0]
[155,0]
[56,0]
[182,0]
[48,0]
[69,0]
[95,0]
[66,0]
[70,0]
[68,0]
[79,0]
[115,0]
[103,0]
[257,0]
[92,0]
[110,0]
[103,0]
[94,0]
[80,0]
[95,0]
[100,0]
[85,0]
[89,0]
[90,0]
[94,0]
[122,0]
[33,0]
[58,0]
[204,0]
[73,0]
[123,0]
[124,0]
[62,0]
[60,0]
[121,0]
[211,0]
[147,0]
[94,0]
[49,0]
[74,0]
[80,0]
[49,0]
[67,0]
[159,0]
[111,0]
[145,0]
[142,0]
[65,0]
[92,0]
[178,0]
[72,0]
[139,0]
[168,0]
[128,0]
[123,0]
[48,0]
[54,0]
[101,0]
[76,0]
[190,0]
[49,0]
[92,0]
[121,0]
[160,0]
[162,0]
[69,0]
[95,0]
[96,0]
[135,0]
[89,0]
[89,0]
[70,0]
[127,0]
[96,0]
[48,0]
[121,0]
[208,0]
[123,0]
[136,0]
[97,0]
[91,0]
[85,0]
[88,0]
[207,0]
[126,0]
[65,0]
[52,0]
[74,0]
[78,0]
[67,0]
[285,0]
[87,0]
[67,0]
[86,0]
[185,0]
[61,0]
[185,0]
[397,0]
[66,0]
[259,0]
[114,0]
[89,0]
[180,0]
[55,0]
[70,0]
[84,0]
[70,0]
[119,0]
[109,0]
[122,0]
[53,0]
[96,0]
[80,0]
[74,0]
[37,0]
[115,0]
[99,0]
[94,0]
[66,0]
[222,0]
[95,0]
[93,0]
[65,0]
[81,0]
[219,0]
[134,0]
[118,0]
[70,0]
[64,0]
[91,0]
[83,0]
[176,0]
[79,0]
[58,0]
[119,0]
[180,0]
[191,0]
[53,0]
[82,0]
[80,0]
[179,0]
[65,0]
[146,0]
[48,0]
[51,0]
[72,0]
[104,0]
[102,0]
[53,0]
[48,0]
[90,0]
[73,0]
[59,0]
[67,0]
[65,0]
[65,0]
[51,0]
[85,0]
[115,0]
[83,0]
[153,0]
[122,0]
[112,0]
[86,0]
[183,0]
[88,0]
[107,0]
[121,0]
[59,0]
[385,0]
[54,0]
[53,0]
[79,0]
[114,0]
[87,0]
[51,0]
[97,0]
[130,0]
[64,0]
[91,0]
[68,0]
[70,0]
[128,0]
[66,0]
[62,0]
[100,0]
[111,0]
[95,0]
[194,0]
[129,0]
[123,0]
[102,0]
[347,0]
[49,0]
[114,0]
[82,0]
[81,0]
[69,0]
[48,0]
[140,0]
[98,0]
[177,0]
[48,0]
[49,0]
[81,0]
[105,0]
[72,0]
[56,0]
[75,0]
[42,0]
[67,0]
[80,0]
[48,0]
[77,0]
[137,0]
[162,0]
[120,0]
[116,0]
[202,0]
[169,0]
[79,0]
[73,0]
[107,0]
[49,0]
[74,0]
[59,0]
[70,0]
[89,0]
[116,0]
[51,0]
[66,0]
[110,0]
[101,0]
[39,0]
[182,0]
[70,0]
[89,0]
[244,0]
[78,0]
[133,0]
[96,0]
[297,0]
[316,0]
[195,0]
[57,0]
[131,0]
[89,0]
[93,0]
[219,0]
[129,0]
[88,0]
[121,0]
[33,0]
[121,0]
[210,0]
[202,0]
[53,0]
[280,0]
[79,0]
[88,0]
[386,0]
[92,0]
[79,0]
[214,0]
[106,0]
[131,0]
[157,0]
[53,0]
[302,0]
[84,0]
[335,0]
[156,0]
[72,0]
[155,0]
[336,0]
[124,0]
[147,0]
[201,0]
[91,0]
[87,0]
[70,0]
[73,0]
[63,0]
[78,0]
[62,0]
[221,0]
[67,0]
[137,0]
[66,0]
[81,0]
[258,0]
[163,0]
[53,0]
[74,0]
[108,0]
[125,0]
[137,0]
[147,0]
[79,0]
[113,0]
[244,0]
[72,0]
[82,0]
[162,0]
[82,0]
[82,0]
[250,0]
[78,0]
[73,0]
[89,0]
[62,0]
[74,0]
[73,0]
[48,0]
[114,0]
[119,0]
[139,0]
[295,0]
[72,0]
[99,0]
[127,0]
[90,0]
[92,0]
[78,0]
[329,0]
[117,0]
[187,0]
[85,0]
[112,0]
[186,0]
[97,0]
[62,0]
[84,0]
[49,0]
[73,0]
[122,0]
[63,0]
[130,0]
[173,0]
[91,0]
[112,0]
[167,0]
[68,0]
[257,0]
[243,0]
[139,0]
[63,0]
[49,0]
[53,0]
[61,0]
[84,0]
[85,0]
[65,0]
[194,0]
[173,0]
[62,0]
[91,0]
[116,0]
[109,0]
[64,0]
[88,0]
[159,0]
[125,0]
[471,0]
[94,0]
[102,0]
[86,0]
[106,0]
[112,0]
[161,0]
[88,0]
[111,0]
[41,0]
[91,0]
[155,0]
[292,0]
[198,0]
[64,0]
[171,0]
[48,0]
[81,0]
[75,0]
[67,0]
[82,0]
[83,0]
[86,0]
[103,0]
[61,0]
[212,0]
[116,0]
[121,0]
[59,0]
[72,0]
[127,0]
[182,0]
[80,0]
[83,0]
[52,0]
[71,0]
[102,0]
[79,0]
[111,0]
[163,0]
[48,0]
[69,0]
[66,0]
[70,0]
[53,0]
[72,0]
[110,0]
[112,0]
[47,0]
[102,0]
[118,0]
[236,0]
[66,0]
[96,0]
[230,0]
[132,0]
[133,0]
[64,0]
[126,0]
[49,0]
[101,0]
[112,0]
[140,0]
[85,0]
[61,0]
[91,0]
[87,0]
[66,0]
[84,0]
[111,0]
[62,0]
[81,0]
[94,0]
[48,0]
[120,0]
[124,0]
[80,0]
[132,0]
[64,0]
[149,0]
[84,0]
[78,0]
[122,0]
[122,0]
[67,0]
[228,0]
[95,0]
[97,0]
[75,0]
[96,0]
[78,0]
[88,0]
[72,0]
[198,0]
[263,0]
[113,0]
[53,0]
[118,0]
[74,0]
[276,0]
[126,0]
[148,0]
[179,0]
[97,0]
[80,0]
[105,0]
[114,0]
[89,0]
[112,0]
[95,0]
[75,0]
[178,0]
[149,0]
[117,0]
[256,0]
[140,0]
[70,0]
[67,0]
[50,0]
[52,0]
[184,0]
[119,0]
[67,0]
[61,0]
[118,0]
[103,0]
[60,0]
[101,0]
[72,0]
[70,0]
[136,0]
[189,0]
[165,0]
[51,0]
[62,0]
[48,0]
[80,0]
[61,0]
[103,0]
[258,0]
[69,0]
[84,0]
[81,0]
[178,0]
[121,0]
[82,0]
[102,0]
[181,0]
[74,0]
[54,0]
[81,0]
[125,0]
[72,0]
[168,0]
[87,0]
[134,0]
[50,0]
[78,0]
[48,0]
[119,0]
[84,0]
[90,0]
[81,0]
[183,0]
[55,0]
[66,0]
[86,0]
[129,0]
[125,0]
[36,0]
[47,0]
[106,0]
[81,0]
[109,0]
[111,0]
[48,0]
[99,0]
[91,0]
[165,0]
[50,0]
[152,0]
[240,0]
[72,0]
[66,0]
[190,0]
[121,0]
[340,0]
[67,0]
[116,0]
[54,0]
[67,0]
[136,0]
[60,0]
[133,0]
[123,0]
[63,0]
[247,0]
[94,0]
[123,0]
[82,0]
[114,0]
[97,0]
[76,0]
[121,0]
[275,0]
[98,0]
[125,0]
[144,0]
[91,0]
[117,0]
[110,0]
[114,0]
[54,0]
[124,0]
[78,0]
[57,0]
[63,0]
[95,0]
[81,0]
[95,0]
[92,0]
[300,0]
[77,0]
[53,0]
[63,0]
[61,0]
[97,0]
[113,0]
[115,0]
[62,0]
[148,0]
[80,0]
[139,0]
[127,0]
[66,0]
[71,0]
[118,0]
[54,0]
[270,0]
[78,0]
[62,0]
[83,0]
[57,0]
[73,0]
[66,0]
[115,0]
[163,0]
[112,0]
[94,0]
[63,0]
[75,0]
[173,0]
[163,0]
[143,0]
[174,0]
[118,0]
[115,0]
[144,0]
[116,0]
[85,0]
[79,0]
[102,0]
[58,0]
[73,0]
[177,0]
[141,0]
[114,0]
[111,0]
[182,0]
[62,0]
[56,0]
[118,0]
[105,0]
[80,0]
[84,0]
[82,0]
[83,0]
[96,0]
[79,0]
[204,0]
[79,0]
[129,0]
[185,0]
[63,0]
[77,0]
[52,0]
[238,0]
[74,0]
[124,0]
[62,0]
[129,0]
[64,0]
[99,0]
[108,0]
[69,0]
[137,0]
[86,0]
[137,0]
[97,0]
[151,0]
[163,0]
[67,0]
[85,0]
[177,0]
[126,0]
[79,0]
[129,0]
[114,0]
[56,0]
[80,0]
[59,0]
[154,0]
[143,0]
[47,0]
[149,0]
[75,0]
[108,0]
[89,0]
[161,0]
[75,0]
[74,0]
[97,0]
[185,0]
[48,0]
[97,0]
[437,0]
[136,0]
[128,0]
[121,0]
[117,0]
[65,0]
[86,0]
[221,0]
[91,0]
[69,0]
[85,0]
[81,0]
[61,0]
[201,0]
[60,0]
[50,0]
[48,0]
[58,0]
[82,0]
[73,0]
[109,0]
[65,0]
[74,0]
[76,0]
[80,0]
[99,0]
[77,0]
[57,0]
[133,0]
[417,0]
[53,0]
[135,0]
[120,0]
[55,0]
[47,0]
[76,0]
[65,0]
[97,0]
[175,0]
[66,0]
[102,0]
[72,0]
[83,0]
[124,0]
[69,0]
[123,0]
[131,0]
[65,0]
[134,0]
[61,0]
[59,0]
[62,0]
[100,0]
[132,0]
[95,0]
[51,0]
[79,0]
[126,0]
[64,0]
[61,0]
[76,0]
[150,0]
[53,0]
[121,0]
[52,0]
[118,0]
[62,0]
[114,0]
[115,0]
[122,0]
[160,0]
[61,0]
[79,0]
[77,0]
[122,0]
[84,0]
[118,0]
[52,0]
[93,0]
[97,0]
[106,0]
[159,0]
[122,0]
[78,0]
[123,0]
[83,0]
[107,0]
[37,0]
[71,0]
[108,0]
[64,0]
[118,0]
[48,0]
[63,0]
[77,0]
[96,0]
[149,0]
[86,0]
[150,0]
[80,0]
[186,0]
[122,0]
[88,0]
[112,0]
[76,0]
[103,0]
[183,0]
[115,0]
[77,0]
[267,0]
[78,0]
[84,0]
[88,0]
[93,0]
[69,0]
[52,0]
[120,0]
[95,0]
[73,0]
[70,0]
[78,0]
[57,0]
[91,0]
[83,0]
[63,0]
[59,0]
[90,0]
[205,0]
[55,0]
[119,0]
[321,0]
[101,0]
[48,0]
[127,0]
[257,0]
[35,0]
[114,0]
[37,0]
[75,0]
[109,0]
[47,0]
[62,0]
[189,0]
[81,0]
[187,0]
[127,0]
[134,0]
[74,0]
[117,0]
[113,0]
[134,0]
[121,0]
[69,0]
[78,0]
[78,0]
[78,0]
[49,0]
[102,0]
[79,0]
[120,0]
[93,0]
[103,0]
[176,0]
[120,0]
[121,0]
[92,0]
[94,0]
[73,0]
[110,0]
[94,0]
[133,0]
[157,0]
[109,0]
[207,0]
[82,0]
[489,0]
[179,0]
[167,0]
[104,0]
[117,0]
[68,0]
[114,0]
[48,0]
[88,0]
[120,0]
[98,0]
[118,0]
[112,0]
[114,0]
[126,0]
[55,0]
[69,0]
[84,0]
[226,0]
[255,0]
[71,0]
[71,0]
[179,0]
[51,0]
[117,0]
[108,0]
[52,0]
[114,0]
[115,0]
[60,0]
[170,0]
[73,0]
[70,0]
[71,0]
[119,0]
[113,0]
[62,0]
[97,0]
[95,0]
[183,0]
[73,0]
[66,0]
[238,0]
[136,0]
[100,0]
[116,0]
[52,0]
[74,0]
[105,0]
[94,0]
[201,0]
[96,0]
[53,0]
[83,0]
[86,0]
[74,0]
[169,0]
[119,0]
[223,0]
[99,0]
[78,0]
[148,0]
[123,0]
[136,0]
[124,0]
[67,0]
[111,0]
[75,0]
[122,0]
[64,0]
[93,0]
[85,0]
[166,0]
[120,0]
[215,0]
[74,0]
[79,0]
[56,0]
[208,0]
[71,0]
[69,0]
[82,0]
[146,0]
[280,0]
[79,0]
[173,0]
[87,0]
[51,0]
[80,0]
[112,0]
[73,0]
[115,0]
[52,0]
[58,0]
[149,0]
[67,0]
[80,0]
[127,0]
[93,0]
[78,0]
[269,0]
[70,0]
[80,0]
[274,0]
[155,0]
[183,0]
[81,0]
[86,0]
[104,0]
[106,0]
[66,0]
[238,0]
[62,0]
[66,0]
[64,0]
[55,0]
[122,0]
[155,0]
[154,0]
[258,0]
[104,0]
[86,0]
[84,0]
[80,0]
[253,0]
[100,0]
[90,0]
[69,0]
[53,0]
[236,0]
[80,0]
[113,0]
[66,0]
[72,0]
[129,0]
[115,0]
[130,0]
[178,0]
[95,0]
[329,0]
[80,0]
[70,0]
[192,0]
[151,0]
[125,0]
[58,0]
[85,0]
[60,0]
[45,0]
[54,0]
[140,0]
[99,0]
[264,0]
[224,0]
[49,0]
[122,0]
[79,0]
[83,0]
[46,0]
[77,0]
[131,0]
[69,0]
[220,0]
[113,0]
[85,0]
[77,0]
[86,0]
[122,0]
[80,0]
[114,0]
[125,0]
[59,0]
[81,0]
[121,0]
[72,0]
[102,0]
[196,0]
[72,0]
[120,0]
[67,0]
[95,0]
[49,0]
[96,0]
[71,0]
[56,0]
[74,0]
[206,0]
[179,0]
[89,0]
[48,0]
[131,0]
[177,0]
[72,0]
[56,0]
[48,0]
[61,0]
[329,0]
[97,0]
[38,0]
[84,0]
[78,0]
[96,0]
[84,0]
[105,0]
[61,0]
[77,0]
[134,0]
[54,0]
[96,0]
[51,0]
[53,0]
[317,0]
[52,0]
[127,0]
[200,0]
[89,0]
[49,0]
[78,0]
[158,0]
[184,0]
[66,0]
[81,0]
[171,0]
[122,0]
[111,0]
[117,0]
[90,0]
[48,0]
[121,0]
[93,0]
[66,0]
[126,0]
[148,0]
[54,0]
[73,0]
[130,0]
[299,0]
[103,0]
[118,0]
[70,0]
[94,0]
[51,0]
[119,0]
[130,0]
[145,0]
[79,0]
[145,0]
[119,0]
[66,0]
[159,0]
[65,0]
[89,0]
[93,0]
[61,0]
[118,0]
[53,0]
[65,0]
[81,0]
[150,0]
[315,0]
[77,0]
[56,0]
[60,0]
[73,0]
[146,0]
[94,0]
[149,0]
[54,0]
[92,0]
[109,0]
[480,0]
[60,0]
[88,0]
[95,0]
[320,0]
[89,0]
[106,0]
[57,0]
[101,0]
[78,0]
[55,0]
[48,0]
[187,0]
[107,0]
[121,0]
[49,0]
[60,0]
[92,0]
[182,0]
[71,0]
[212,0]
[120,0]
[85,0]
[112,0]
[139,0]
[120,0]
[102,0]
[55,0]
[64,0]
[111,0]
[49,0]
[114,0]
[196,0]
[150,0]
[86,0]
[59,0]
[49,0]
[94,0]
[163,0]
[159,0]
[217,0]
[96,0]
[84,0]
[86,0]
[181,0]
[125,0]
[119,0]
[107,0]
[130,0]
[84,0]
[63,0]
[74,0]
[56,0]
[38,0]
[65,0]
[139,0]
[125,0]
[117,0]
[300,0]
[152,0]
[139,0]
[49,0]
[97,0]
[74,0]
[134,0]
[121,0]
[73,0]
[41,0]
[107,0]
[94,0]
[65,0]
[105,0]
[60,0]
[188,0]
[123,0]
[120,0]
[114,0]
[50,0]
[93,0]
[70,0]
[79,0]
[158,0]
[104,0]
[119,0]
[119,0]
[208,0]
[62,0]
[85,0]
[84,0]
[202,0]
[86,0]
[159,0]
[387,0]
[181,0]
[84,0]
[64,0]
[48,0]
[65,0]
[82,0]
[78,0]
[101,0]
[121,0]
[66,0]
[169,0]
[86,0]
[269,0]
[206,0]
[125,0]
[59,0]
[410,0]
[76,0]
[73,0]
[91,0]
[90,0]
[120,0]
[102,0]
[279,0]
[100,0]
[185,0]
[134,0]
[70,0]
[37,0]
[80,0]
[101,0]
[130,0]
[89,0]
[73,0]
[80,0]
[112,0]
[49,0]
[87,0]
[95,0]
[130,0]
[55,0]
[129,0]
[68,0]
[52,0]
[217,0]
[61,0]
[170,0]
[113,0]
[98,0]
[167,0]
[36,0]
[80,0]
[61,0]
[123,0]
[94,0]
[48,0]
[116,0]
[133,0]
[85,0]
[96,0]
[129,0]
[184,0]
[55,0]
[70,0]
[87,0]
[117,0]
[122,0]
[131,0]
[85,0]
[74,0]
[58,0]
[70,0]
[220,0]
[58,0]
[48,0]
[196,0]
[69,0]
[107,0]
[87,0]
[85,0]
[124,0]
[111,0]
[81,0]
[158,0]
[89,0]
[62,0]
[72,0]
[59,0]
[75,0]
[121,0]
[175,0]
[134,0]
[203,0]
[51,0]
[213,0]
[133,0]
[165,0]
[57,0]
[125,0]
[105,0]
[168,0]
[46,0]
[128,0]
[146,0]
[119,0]
[57,0]
[104,0]
[96,0]
[69,0]
[65,0]
[101,0]
[96,0]
[78,0]
[97,0]
[82,0]
[128,0]
[73,0]
[53,0]
[138,0]
[265,0]
[127,0]
[125,0]
[72,0]
[72,0]
[142,0]
[74,0]
[51,0]
[48,0]
[82,0]
[339,0]
[59,0]
[109,0]
[132,0]
[92,0]
[91,0]
[122,0]
[117,0]
[81,0]
[87,0]
[111,0]
[85,0]
[91,0]
[141,0]
[85,0]
[179,0]
[49,0]
[117,0]
[163,0]
[88,0]
[122,0]
[44,0]
[78,0]
[252,0]
[38,0]
[44,0]
[39,0]
[176,0]
[71,0]
[48,0]
[79,0]
[276,0]
[68,0]
[96,0]
[98,0]
[74,0]
[66,0]
[119,0]
[192,0]
[113,0]
[122,0]
[56,0]
[100,0]
[61,0]
[78,0]
[157,0]
[72,0]
[145,0]
[86,0]
[79,0]
[231,0]
[300,0]
[75,0]
[164,0]
[72,0]
[108,0]
[63,0]
[73,0]
[82,0]
[178,0]
[103,0]
[85,0]
[79,0]
[92,0]
[110,0]
[489,0]
[82,0]
[53,0]
[224,0]
[189,0]
[98,0]
[47,0]
[133,0]
[111,0]
[101,0]
[114,0]
[120,0]
[159,0]
[163,0]
[94,0]
[152,0]
[53,0]
[106,0]
[235,0]
[106,0]
[366,0]
[90,0]
[105,0]
[128,0]
[69,0]
[89,0]
[80,0]
[270,0]
[100,0]
[81,0]
[134,0]
[72,0]
[136,0]
[93,0]
[133,0]
[89,0]
[81,0]
[219,0]
[160,0]
[70,0]
[107,0]
[136,0]
[87,0]
[51,0]
[158,0]
[86,0]
[88,0]
[85,0]
[70,0]
[179,0]
[133,0]
[122,0]
[88,0]
[70,0]
[176,0]
[83,0]
[220,0]
[121,0]
[65,0]
[70,0]
[198,0]
[48,0]
[78,0]
[117,0]
[73,0]
[68,0]
[256,0]
[55,0]
[147,0]
[66,0]
[145,0]
[132,0]
[52,0]
[109,0]
[75,0]
[224,0]
[128,0]
[119,0]
[80,0]
[181,0]
[63,0]
[181,0]
[83,0]
[171,0]
[222,0]
[81,0]
[109,0]
[264,0]
[59,0]
[253,0]
[112,0]
[87,0]
[178,0]
[77,0]
[106,0]
[300,0]
[123,0]
[54,0]
[266,0]
[68,0]
[85,0]
[221,0]
[91,0]
[51,0]
[91,0]
[319,0]
[325,0]
[252,0]
[169,0]
[56,0]
[205,0]
[87,0]
[87,0]
[56,0]
[87,0]
[82,0]
[152,0]
[109,0]
[66,0]
[104,0]
[193,0]
[75,0]
[58,0]
[253,0]
[57,0]
[92,0]
[66,0]
[105,0]
[143,0]
[130,0]
[68,0]
[161,0]
[120,0]
[106,0]
[155,0]
[61,0]
[99,0]
[153,0]
[305,0]
[119,0]
[76,0]
[124,0]
[103,0]
[120,0]
[71,0]
[141,0]
[121,0]
[109,0]
[52,0]
[95,0]
[84,0]
[320,0]
[106,0]
[161,0]
[123,0]
[49,0]
[69,0]
[80,0]
[92,0]
[80,0]
[78,0]
[74,0]
[69,0]
[77,0]
[67,0]
[179,0]
[161,0]
[119,0]
[351,0]
[299,0]
[93,0]
[79,0]
[73,0]
[85,0]
[78,0]
[190,0]
[114,0]
[99,0]
[122,0]
[101,0]
[56,0]
[79,0]
[98,0]
[131,0]
[87,0]
[47,0]
[65,0]
[171,0]
[66,0]
[82,0]
[48,0]
[97,0]
[80,0]
[86,0]
[78,0]
[211,0]
[96,0]
[97,0]
[144,0]
[79,0]
[57,0]
[127,0]
[68,0]
[80,0]
[81,0]
[41,0]
[138,0]
[145,0]
[120,0]
[118,0]
[80,0]
[78,0]
[115,0]
[58,0]
[107,0]
[187,0]
[110,0]
[276,0]
[115,0]
[88,0]
[88,0]
[142,0]
[82,0]
[61,0]
[84,0]
[64,0]
[144,0]
[70,0]
[48,0]
[184,0]
[163,0]
[236,0]
[220,0]
[77,0]
[82,0]
[178,0]
[79,0]
[123,0]
[80,0]
[71,0]
[85,0]
[79,0]
[89,0]
[136,0]
[82,0]
[99,0]
[112,0]
[243,0]
[92,0]
[247,0]
[59,0]
[213,0]
[130,0]
[186,0]
[80,0]
[37,0]
[131,0]
[95,0]
[182,0]
[41,0]
[79,0]
[90,0]
[84,0]
[150,0]
[75,0]
[98,0]
[37,0]
[48,0]
[276,0]
[116,0]
[102,0]
[171,0]
[90,0]
[173,0]
[65,0]
[69,0]
[67,0]
[224,0]
[148,0]
[52,0]
[56,0]
[170,0]
[93,0]
[96,0]
[67,0]
[147,0]
[65,0]
[69,0]
[129,0]
[74,0]
[133,0]
[167,0]
[147,0]
[120,0]
[219,0]
[85,0]
[83,0]
[279,0]
[87,0]
[73,0]
[56,0]
[183,0]
[118,0]
[90,0]
[96,0]
[174,0]
[85,0]
[99,0]
[69,0]
[119,0]
[64,0]
[153,0]
[133,0]
[130,0]
[75,0]
[37,0]
[111,0]
[71,0]
[70,0]
[144,0]
[269,0]
[84,0]
[224,0]
[68,0]
[219,0]
[143,0]
[85,0]
[64,0]
[66,0]
[85,0]
[60,0]
[109,0]
[87,0]
[87,0]
[130,0]
[158,0]
[73,0]
[65,0]
[85,0]
[101,0]
[218,0]
[91,0]
[66,0]
[48,0]
[66,0]
[116,0]
[162,0]
[65,0]
[94,0]
[88,0]
[63,0]
[84,0]
[78,0]
[156,0]
[214,0]
[97,0]
[61,0]
[67,0]
[94,0]
[84,0]
[64,0]
[188,0]
[126,0]
[188,0]
[86,0]
[63,0]
[102,0]
[57,0]
[167,0]
[48,0]
[77,0]
[123,0]
[71,0]
[302,0]
[147,0]
[80,0]
[93,0]
[80,0]
[97,0]
[69,0]
[76,0]
[67,0]
[68,0]
[120,0]
[49,0]
[63,0]
[153,0]
[64,0]
[81,0]
[93,0]
[71,0]
[115,0]
[220,0]
[126,0]
[63,0]
[65,0]
[154,0]
[112,0]
[100,0]
[183,0]
[171,0]
[72,0]
[128,0]
[82,0]
[142,0]
[66,0]
[71,0]
[64,0]
[71,0]
[67,0]
[57,0]
[130,0]
[93,0]
[111,0]
[71,0]
[55,0]
[79,0]
[57,0]
[103,0]
[100,0]
[65,0]
[225,0]
[116,0]
[104,0]
[158,0]
[72,0]
[48,0][49,0]
[128,0]
[233,0]
[126,0]
[106,0]
[107,0]
[222,0]
[180,0]
[60,0]
[89,0]
[71,0]
[370,0]
[127,0]
[113,0]
[62,0]
[85,0]
[67,0]
[240,0]
[145,0]
[79,0]
[146,0]
[110,0]
[162,0]
[66,0]
[99,0]
[65,0]
[102,0]
[69,0]
[48,0]
[79,0]
[89,0]
[51,0]
[67,0]
[132,0]
[134,0]
[214,0]
[154,0]
[82,0]
[98,0]
[97,0]
[78,0]
[111,0]
[117,0]
[237,0]
[115,0]
[52,0]
[73,0]
[97,0]
[114,0]
[123,0]
[69,0]
[59,0]
[73,0]
[242,0]
[97,0]
[74,0]
[83,0]
[139,0]
[78,0]
[158,0]
[92,0]
[49,0]
[103,0]
[114,0]
[70,0]
[100,0]
[71,0]
[95,0]
[150,0]
[230,0]
[151,0]
[112,0]
[68,0]
[225,0]
[144,0]
[65,0]
[103,0]
[158,0]
[95,0]
[259,0]
[312,0]
[151,0]
[64,0]
[101,0]
[65,0]
[145,0]
[78,0]
[84,0]
[83,0]
[64,0]
[112,0]
[174,0]
[236,0]
[53,0]
[77,0]
[93,0]
[178,0]
[255,0]
[120,0]
[58,0]
[108,0]
[221,0]
[86,0]
[69,0]
[280,0]
[142,0]
[121,0]
[277,0]
[203,0]
[179,0]
[144,0]
[76,0]
[95,0]
[82,0]
[66,0]
[66,0]
[102,0]
[125,0]
[72,0]
[85,0]
[142,0]
[78,0]
[115,0]
[166,0]
[55,0]
[123,0]
[135,0]
[129,0]
[76,0]
[65,0]
[87,0]
[127,0]
[73,0]
[88,0]
[61,0]
[86,0]
[65,0]
[37,0]
[251,0]
[61,0]
[56,0]
[53,0]
[253,0]
[211,0]
[48,0]
[80,0]
[95,0]
[48,0]
[255,0]
[338,0]
[84,0]
[106,0]
[69,0]
[90,0]
[60,0]
[108,0]
[72,0]
[65,0]
[88,0]
[58,0]
[74,0]
[255,0]
[48,0]
[63,0]
[84,0]
[73,0]
[178,0]
[105,0]
[84,0]
[86,0]
[59,0]
[58,0]
[152,0]
[72,0]
[143,0]
[81,0]
[101,0]
[68,0]
[68,0]
[109,0]
[120,0]
[67,0]
[109,0]
[215,0]
[92,0]
[54,0]
[50,0]
[162,0]
[64,0]
[154,0]
[81,0]
[127,0]
[115,0]
[70,0]
[78,0]
[53,0]
[174,0]
[69,0]
[89,0]
[67,0]
[60,0]
[131,0]
[118,0]
[119,0]
[231,0]
[116,0]
[167,0]
[48,0]
[78,0]
[85,0]
[148,0]
[83,0]
[53,0]
[47,0]
[94,0]
[83,0]
[55,0]
[106,0]
[158,0]
[84,0]
[120,0]
[158,0]
[78,0]
[143,0]
[130,0]
[127,0]
[123,0]
[94,0]
[55,0]
[62,0]
[131,0]
[66,0]
[81,0]
[63,0]
[110,0]
[60,0]
[70,0]
[105,0]
[75,0]
[78,0]
[84,0]
[134,0]
[103,0]
[102,0]
[77,0]
[55,0]
[108,0]
[93,0]
[80,0]
[160,0]
[60,0]
[139,0]
[95,0]
[41,0]
[117,0]
[91,0]
[167,0]
[108,0]
[107,0]
[70,0]
[48,0]
[101,0]
[81,0]
[96,0]
[131,0]
[71,0]
[63,0]
[154,0]
[183,0]
[48,0]
[91,0]
[74,0]
[84,0]
[82,0]
[68,0]
[48,0]
[106,0]
[181,0]
[71,0]
[266,0]
[227,0]
[68,0]
[120,0]
[78,0]
[48,0]
[81,0]
[65,0]
[89,0]
[174,0]
[53,0]
[79,0]
[47,0]
[67,0]
[115,0]
[93,0]
[182,0]
[118,0]
[69,0]
[131,0]
[53,0]
[64,0]
[81,0]
[60,0]
[320,0]
[81,0]
[53,0]
[70,0]
[50,0]
[320,0]
[244,0]
[81,0]
[146,0]
[126,0]
[66,0]
[72,0]
[79,0]
[308,0]
[175,0]
[247,0]
[86,0]
[38,0]
[83,0]
[100,0]
[176,0]
[213,0]
[223,0]
[57,0]
[89,0]
[68,0]
[121,0]
[186,0]
[64,0]
[92,0]
[119,0]
[195,0]
[83,0]
[67,0]
[72,0]
[220,0]
[84,0]
[64,0]
[80,0]
[51,0]
[175,0]
[144,0]
[62,0]
[122,0]
[41,0]
[47,0]
[121,0]
[115,0]
[74,0]
[55,0]
[145,0]
[159,0]
[59,0]
[49,0]
[92,0]
[350,0]
[206,0]
[157,0]
[86,0]
[104,0]
[208,0]
[80,0]
[48,0]
[151,0]
[390,0]
[97,0]
[114,0]
[63,0]
[61,0]
[95,0]
[168,0]
[56,0]
[123,0]
[72,0]
[64,0]
[125,0]
[176,0]
[103,0]
[276,0]
[182,0]
[37,0]
[159,0]
[87,0]
[58,0]
[97,0]
[59,0]
[56,0]
[106,0]
[84,0]
[104,0]
[83,0]
[60,0]
[66,0]
[124,0]
[54,0]
[60,0]
[111,0]
[121,0]
[68,0]
[64,0]
[97,0]
[201,0]
[91,0]
[41,0]
[53,0]
[212,0]
[48,0]
[59,0]
[81,0]
[121,0]
[178,0]
[117,0]
[122,0]
[76,0]
[205,0]
[80,0]
[80,0]
[72,0]
[79,0]
[129,0]
[51,0]
[92,0]
[96,0]
[120,0]
[121,0]
[65,0]
[215,0]
[93,0]
[69,0]
[89,0]
[80,0]
[93,0]
[54,0]
[138,0]
[111,0]
[54,0]
[147,0]
[53,0]
[85,0]
[162,0]
[256,0]
[255,0]
[72,0]
[87,0]
[71,0]
[90,0]
[157,0]
[77,0]
[112,0]
[81,0]
[95,0]
[89,0]
[212,0]
[201,0]
[139,0]
[81,0]
[125,0]
[51,0]
[59,0]
[52,0]
[186,0]
[109,0]
[71,0]
[128,0]
[81,0]
[91,0]
[49,0]
[106,0]
[143,0]
[87,0]
[151,0]
[194,0]
[109,0]
[113,0]
[61,0]
[242,0]
[67,0]
[78,0]
[117,0]
[88,0]
[52,0]
[130,0]
[58,0]
[74,0]
[86,0]
[102,0]
[93,0]
[78,0]
[84,0]
[150,0]
[70,0]
[81,0]
[81,0]
[58,0]
[85,0]
[129,0]
[97,0]
[58,0]
[73,0]
[82,0]
[67,0]
[48,0]
[85,0]
[107,0]
[115,0]
[82,0]
[88,0]
[109,0]
[278,0]
[204,0]
[57,0]
[79,0]
[93,0]
[101,0]
[59,0]
[66,0]
[84,0]
[96,0]
[69,0]
[86,0]
[84,0]
[81,0]
[96,0]
[144,0]
[92,0]
[87,0]
[88,0]
[103,0]
[122,0]
[102,0]
[61,0]
[95,0]
[158,0]
[53,0]
[48,0]
[79,0]
[96,0]
[80,0]
[91,0]
[288,0]
[75,0]
[55,0]
[86,0]
[211,0]
[474,0]
[78,0]
[101,0]
[92,0]
[89,0]
[74,0]
[59,0]
[87,0]
[134,0]
[79,0]
[48,0]
[76,0]
[161,0]
[50,0]
[67,0]
[125,0]
[59,0]
[125,0]
[54,0]
[227,0]
[104,0]
[65,0]
[97,0]
[75,0]
[192,0]
[115,0]
[69,0]
[56,0]
[72,0]
[117,0]
[138,0]
[97,0]
[112,0]
[73,0]
[90,0]
[145,0]
[59,0]
[296,0]
[49,0]
[195,0]
[335,0]
[64,0]
[184,0]
[95,0]
[102,0]
[69,0]
[77,0]
[115,0]
[117,0]
[89,0]
[253,0]
[86,0]
[80,0]
[78,0]
[110,0]
[81,0]
[86,0]
[126,0]
[392,0]
[66,0]
[130,0]
[175,0]
[196,0]
[87,0]
[79,0]
[162,0]
[209,0]
[112,0]
[102,0]
[86,0]
[63,0]
[79,0]
[78,0]
[80,0]
[46,0]
[121,0]
[129,0]
[176,0]
[96,0]
[60,0]
[70,0]
[128,0]
[71,0]
[65,0]
[151,0]
[69,0]
[60,0]
[122,0]
[392,0]
[126,0]
[75,0]
[82,0]
[59,0]
[99,0]
[75,0]
[65,0]
[87,0]
[102,0]
[80,0]
[76,0]
[254,0]
[55,0]
[96,0]
[157,0]
[95,0]
[78,0]
[130,0]
[76,0]
[49,0]
[89,0]
[93,0]
[204,0]
[40,0]
[57,0]
[267,0]
[70,0]
[77,0]
[96,0]
[80,0]
[97,0]
[37,0]
[126,0]
[63,0]
[53,0]
[84,0]
[207,0]
[89,0]
[124,0]
[49,0]
[69,0]
[102,0]
[90,0]
[67,0]
[104,0]
[99,0]
[58,0]
[70,0]
[108,0]
[128,0]
[75,0]
[81,0]
[72,0]
[76,0]
[107,0]
[65,0]
[88,0]
[297,0]
[98,0]
[96,0]
[107,0]
[65,0]
[270,0]
[80,0]
[63,0]
[121,0]
[126,0]
[71,0]
[48,0]
[88,0]
[77,0]
[99,0]
[223,0]
[250,0]
[148,0]
[143,0]
[69,0]
[159,0]
[134,0]
[79,0]
[64,0]
[246,0]
[118,0]
[81,0]
[84,0]
[73,0]
[68,0]
[110,0]
[51,0]
[37,0]
[80,0]
[75,0]
[265,0]
[126,0]
[75,0]
[176,0]
[255,0]
[64,0]
[89,0]
[93,0]
[101,0]
[94,0]
[82,0]
[94,0]
[64,0]
[190,0]
[87,0]
[243,0]
[59,0]
[81,0]
[67,0]
[134,0]
[71,0]
[107,0]
[174,0]
[179,0]
[48,0]
[97,0]
[53,0][54,0]
[74,0]
[98,0]
[51,0]
[74,0]
[109,0]
[129,0]
[56,0]
[77,0]
[58,0]
[64,0]
[104,0]
[74,0]
[54,0]
[158,0]
[104,0]
[37,0]
[82,0]
[134,0]
[184,0]
[105,0]
[83,0]
[78,0]
[114,0]
[95,0]
[74,0]
[133,0]
[73,0]
[183,0]
[128,0]
[230,0]
[122,0]
[51,0]
[115,0]
[80,0]
[152,0]
[57,0]
[61,0]
[98,0]
[93,0]
[310,0]
[124,0]
[117,0]
[236,0]
[299,0]
[87,0]
[106,0]
[280,0]
[50,0]
[87,0]
[83,0]
[300,0]
[94,0]
[110,0]
[135,0]
[143,0]
[78,0]
[88,0]
[85,0]
[68,0]
[226,0]
[161,0]
[74,0]
[99,0]
[105,0]
[77,0]
[69,0]
[88,0]
[59,0]
[104,0]
[59,0]
[221,0]
[119,0]
[133,0]
[193,0]
[181,0]
[61,0]
[49,0]
[86,0]
[54,0]
[95,0]
[180,0]
[51,0]
[72,0]
[92,0]
[300,0]
[118,0]
[96,0]
[158,0]
[39,0]
[132,0]
[74,0]
[118,0]
[74,0]
[70,0]
[220,0]
[69,0]
[203,0]
[56,0]
[190,0]
[91,0]
[82,0]
[101,0]
[76,0]
[77,0]
[212,0]
[223,0]
[186,0]
[60,0]
[119,0]
[289,0]
[73,0]
[69,0]
[58,0]
[48,0]
[122,0]
[131,0]
[117,0]
[80,0]
[49,0]
[92,0]
[117,0]
[74,0]
[46,0]
[345,0]
[49,0]
[121,0]
[76,0]
[48,0]
[90,0]
[59,0]
[75,0]
[194,0]
[69,0]
[174,0]
[128,0]
[76,0]
[76,0]
[182,0]
[135,0]
[285,0]
[166,0]
[62,0]
[90,0]
[320,0]
[160,0]
[167,0]
[167,0]
[116,0]
[76,0]
[77,0]
[81,0]
[100,0]
[67,0]
[93,0]
[78,0]
[136,0]
[88,0]
[82,0]
[87,0]
[158,0]
[79,0]
[325,0]
[120,0]
[135,0]
[94,0]
[152,0]
[75,0]
[69,0]
[153,0]
[60,0]
[120,0]
[131,0]
[74,0]
[66,0]
[76,0]
[93,0]
[61,0]
[113,0]
[100,0]
[233,0]
[125,0]
[356,0]
[67,0]
[71,0]
[76,0]
[70,0]
[53,0]
[121,0]
[71,0]
[75,0]
[320,0]
[186,0]
[90,0]
[115,0]
[97,0]
[115,0]
[130,0]
[80,0]
[55,0]
[200,0]
[148,0]
[251,0]
[259,0]
[47,0]
[78,0]
[204,0]
[96,0]
[74,0]
[48,0]
[161,0]
[67,0]
[121,0]
[128,0]
[135,0]
[159,0]
[394,0]
[54,0]
[219,0]
[73,0]
[52,0]
[116,0]
[73,0]
[86,0]
[54,0]
[81,0]
[65,0]
[91,0]
[133,0]
[152,0]
[116,0]
[131,0]
[72,0]
[48,0]
[47,0]
[96,0]
[48,0]
[82,0]
[305,0]
[37,0]
[124,0]
[123,0]
[104,0]
[53,0]
[79,0]
[224,0]
[49,0]
[57,0]
[183,0]
[96,0]
[209,0]
[69,0]
[48,0]
[82,0]
[56,0]
[48,0]
[299,0]
[70,0]
[67,0]
[70,0]
[65,0]
[53,0]
[49,0]
[142,0]
[162,0]
[76,0]
[65,0]
[63,0]
[126,0]
[68,0]
[70,0]
[84,0]
[118,0]
[158,0]
[83,0]
[72,0]
[119,0]
[114,0]
[122,0]
[59,0]
[55,0]
[56,0]
[89,0]
[277,0]
[86,0]
[76,0]
[126,0]
[111,0]
[49,0]
[127,0]
[102,0]
[73,0]
[81,0]
[92,0]
[90,0]
[127,0]
[87,0]
[123,0]
[200,0]
[139,0]
[249,0]
[111,0]
[139,0]
[99,0]
[81,0]
[84,0]
[109,0]
[72,0]
[94,0]
[121,0]
[72,0]
[300,0]
[148,0]
[98,0]
[76,0]
[71,0]
[59,0]
[47,0]
[87,0]
[230,0]
[63,0]
[89,0]
[137,0]
[120,0]
[189,0]
[139,0]
[75,0]
[140,0]
[153,0]
[118,0]
[122,0]
[204,0]
[92,0]
[69,0]
[55,0]
[120,0]
[121,0]
[136,0]
[118,0]
[88,0]
[79,0]
[176,0]
[49,0]
[67,0]
[56,0]
[155,0]
[53,0]
[54,0]
[226,0]
[55,0]
[146,0]
[51,0]
[96,0]
[69,0]
[211,0]
[169,0]
[90,0]
[81,0]
[79,0]
[202,0]
[116,0]
[71,0]
[55,0]
[151,0]
[93,0]
[68,0]
[61,0]
[94,0]
[58,0]
[83,0]
[110,0]
[128,0]
[63,0]
[88,0]
[159,0]
[58,0]
[59,0]
[84,0]
[83,0]
[77,0]
[87,0]
[226,0]
[90,0]
[110,0]
[81,0]
[155,0]
[83,0]
[280,0]
[77,0]
[69,0]
[89,0]
[100,0]
[122,0]
[259,0]
[108,0]
[92,0]
[54,0]
[124,0]
[314,0]
[262,0]
[109,0]
[52,0]
[51,0]
[40,0]
[125,0]
[159,0]
[242,0]
[68,0]
[128,0]
[206,0]
[116,0]
[91,0]
[54,0]
[147,0]
[61,0]
[388,0]
[88,0]
[42,0]
[96,0]
[140,0]
[182,0]
[130,0]
[74,0]
[128,0]
[77,0]
[238,0]
[56,0]
[319,0]
[142,0]
[121,0]
[259,0]
[91,0]
[219,0]
[168,0]
[48,0]
[165,0]
[108,0]
[201,0]
[130,0]
[109,0]
[73,0]
[168,0]
[76,0]
[218,0]
[138,0]
[125,0]
[80,0]
[61,0]
[98,0]
[191,0]
[84,0]
[53,0]
[67,0]
[122,0]
[87,0]
[59,0]
[92,0]
[230,0]
[69,0]
[112,0]
[174,0][175,0]
[93,0]
[90,0]
[116,0]
[164,0]
[67,0]
[126,0]
[120,0]
[88,0]
[159,0]
[81,0]
[278,0]
[105,0]
[68,0]
[83,0]
[95,0]
[62,0]
[172,0]
[53,0]
[85,0]
[254,0]
[69,0]
[81,0]
[119,0]
[121,0]
[241,0]
[121,0]
[89,0]
[376,0]
[74,0]
[130,0]
[99,0]
[106,0]
[138,0]
[62,0]
[70,0]
[87,0]
[55,0]
[60,0]
[77,0]
[48,0]
[81,0]
[86,0]
[52,0]
[188,0]
[141,0]
[48,0]
[177,0]
[76,0]
[73,0]
[87,0]
[67,0]
[100,0]
[127,0]
[280,0]
[70,0]
[99,0]
[216,0]
[37,0]
[51,0]
[84,0]
[86,0]
[247,0]
[70,0]
[105,0]
[93,0]
[81,0]
[72,0]
[48,0]
[221,0]
[120,0]
[128,0]
[155,0]
[118,0]
[102,0]
[65,0]
[64,0]
[66,0]
[111,0]
[70,0]
[92,0]
[149,0]
[69,0]
[69,0]
[88,0]
