[131,0]
[69,0]
[49,0]
[134,0]
[62,0]
[72,0]
[187,0]
[82,0]
[74,0]
[94,0]
[73,0]
[79,0]
[83,0]
[73,0]
[121,0]
[236,0]
[123,0]
[112,0]
[108,0]
[72,0]
[79,0]
[58,0]
[113,0]
[192,0]
[200,0]
[95,0]
[76,0]
[88,0]
[293,0]
[386,0]
[96,0]
[114,0]
[89,0]
[67,0]
[97,0]
[71,0]
[112,0]
[227,0]
[213,0]
[68,0]
[120,0]
[129,0]
[107,0]
[135,0]
[88,0]
[85,0]
[95,0]
[140,0]
[96,0]
[156,0]
[74,0]
[38,0]
[108,0]
[153,0]
[97,0]
[102,0]
[405,0]
[129,0]
[121,0]
[106,0]
[72,0]
[167,0]
[76,0]
[78,0]
[134,0]
[338,0]
[130,0]
[320,0]
[278,0]
[207,0]
[416,0]
[109,0]
[193,0]
[84,0]
[90,0]
[410,0]
[207,0]
[116,0]
[111,0]
[132,0]
[90,0]
[200,0]
[75,0]
[77,0]
[82,0]
[160,0]
[159,0]
[412,0]
[94,0]
[76,0]
[72,0]
[88,0]
[105,0]
[234,0]
[121,0]
[69,0]
[93,0]
[62,0]
[88,0]
[115,0]
[80,0]
[110,0]
[225,0]
[91,0]
[194,0]
[64,0]
[120,0]
[191,0]
[62,0]
[82,0]
[56,0]
[112,0]
[225,0]
[138,0]
[116,0]
[36,0]
[98,0]
[109,0]
[125,0]
[330,0]
[88,0]
[238,0]
[183,0]
[82,0]
[386,0]
[76,0]
[233,0]
[193,0]
[179,0]
[93,0]
[73,0]
[82,0]
[80,0]
[222,0]
[93,0]
[131,0]
[91,0]
[81,0]
[390,0]
[291,0]
[111,0]
[112,0]
[220,0]
[166,0]
[135,0]
[108,0]
[80,0]
[82,0]
[48,0]
[124,0]
[135,0]
[63,0]
[75,0]
[73,0]
[146,0]
[133,0]
[101,0]
[83,0]
[80,0]
[117,0]
[75,0]
[180,0]
[86,0]
[87,0]
[72,0]
[68,0]
[99,0]
[81,0]
[119,0]
[125,0]
[129,0]
[100,0]
[239,0]
[93,0]
[86,0]
[73,0]
[241,0]
[125,0]
[481,0]
[371,0]
[213,0]
[143,0]
[91,0]
[75,0]
[73,0]
[200,0]
[59,0]
[85,0]
[139,0]
[37,0]
[117,0]
[114,0]
[63,0]
[68,0]
[189,0]
[180,0]
[311,0]
[129,0]
[100,0]
[348,0]
[202,0]
[128,0]
[449,0]
[77,0]
[143,0]
[70,0]
[152,0]
[107,0]
[132,0]
[133,0]
[128,0]
[150,0]
[199,0]
[120,0]
[87,0]
[104,0]
[165,0]
[216,0]
[80,0]
[78,0]
[361,0]
[121,0]
[66,0]
[82,0]
[211,0]
[82,0]
[495,0]
[88,0]
[52,0]
[61,0]
[132,0]
[100,0]
[86,0]
[75,0]
[130,0]
[145,0]
[53,0]
[134,0]
[88,0]
[223,0]
[91,0]
[224,0]
[73,0]
[75,0]
[73,0]
[100,0]
[109,0]
[167,0]
[84,0]
[138,0]
[172,0]
[370,0]
[87,0]
[52,0]
[65,0]
[226,0]
[74,0]
[136,0]
[81,0]
[436,0]
[138,0]
[67,0]
[84,0]
[386,0]
[72,0]
[406,0]
[65,0]
[37,0]
[119,0]
[87,0]
[135,0]
[80,0]
[77,0]
[175,0]
[78,0]
[167,0]
[94,0]
[77,0]
[105,0]
[78,0]
[112,0]
[270,0]
[244,0]
[338,0]
[70,0]
[335,0]
[278,0]
[129,0]
[128,0]
[469,0]
[142,0]
[102,0]
[357,0]
[208,0]
[95,0]
[44,0]
[343,0]
[397,0]
[143,0]
[105,0]
[187,0]
[373,0]
[102,0]
[184,0]
[93,0]
[80,0]
[95,0]
[66,0]
[68,0]
[72,0]
[130,0]
[151,0]
[75,0]
[77,0]
[313,0]
[83,0]
[130,0]
[65,0]
[90,0]
[72,0]
[71,0]
[406,0]
[120,0]
[117,0]
[66,0]
[131,0]
[97,0]
[92,0]
[302,0]
[72,0]
[112,0]
[103,0]
[117,0]
[99,0]
[75,0]
[183,0]
[110,0]
[237,0]
[95,0]
[73,0]
[136,0]
[95,0]
[80,0]
[154,0]
[364,0]
[85,0]
[277,0]
[154,0]
[204,0]
[366,0]
[28,0]
[196,0]
[84,0]
[187,0]
[60,0]
[82,0]
[75,0]
[344,0]
[296,0]
[102,0]
[83,0]
[76,0]
[138,0]
[138,0]
[121,0]
[96,0]
[134,0]
[107,0]
[393,0]
[89,0]
[99,0]
[43,0]
[95,0]
[91,0]
[77,0]
[91,0]
[166,0]
[426,0]
[205,0]
[56,0]
[181,0]
[169,0]
[178,0]
[75,0]
[83,0]
[194,0]
[95,0]
[85,0]
[356,0]
[106,0]
[89,0]
[149,0]
[274,0]
[130,0]
[118,0]
[76,0]
[70,0]
[140,0]
[88,0]
[83,0]
[174,0]
[311,0]
[71,0]
[188,0]
[389,0]
[79,0]
[72,0]
[73,0]
[72,0]
[396,0]
[173,0]
[79,0]
[85,0]
[126,0]
[151,0]
[114,0]
[88,0]
[119,0]
[73,0]
[99,0]
[118,0]
[73,0]
[116,0]
[214,0]
[77,0]
[52,0]
[96,0]
[132,0]
[128,0]
[46,0]
[112,0]
[96,0]
[100,0]
[130,0]
[132,0]
[105,0]
[111,0]
[64,0]
[93,0]
[87,0]
[178,0]
[91,0]
[117,0]
[180,0]
[127,0]
[86,0]
[158,0]
[366,0]
[78,0]
[73,0]
[78,0]
[219,0]
[127,0]
[73,0]
[87,0]
[201,0]
[94,0]
[106,0]
[86,0]
[118,0]
[88,0]
[216,0]
[327,0]
[71,0]
[331,0]
[71,0]
[162,0]
[92,0]
[37,0]
[77,0]
[103,0]
[94,0]
[120,0]
[151,0]
[161,0]
[139,0]
[121,0]
[77,0]
[79,0]
[136,0]
[189,0]
[169,0]
[100,0]
[82,0]
[327,0]
[117,0]
[155,0]
[331,0]
[128,0]
[432,0]
[116,0]
[171,0]
[77,0]
[242,0]
[304,0]
[73,0]
[220,0]
[67,0]
[128,0]
[93,0]
[73,0]
[113,0]
[69,0]
[184,0]
[153,0]
[80,0]
[83,0]
[225,0]
[124,0]
[82,0]
[78,0]
[75,0]
[78,0]
[75,0]
[185,0]
[115,0]
[113,0]
[121,0]
[45,0]
[90,0]
[96,0]
[80,0]
[76,0]
[198,0]
[73,0]
[82,0]
[46,0]
[92,0]
[135,0]
[97,0]
[142,0]
[172,0]
[65,0]
[98,0]
[88,0]
[107,0]
[112,0]
[42,0]
[89,0]
[95,0]
[165,0]
[135,0]
[166,0]
[82,0]
[264,0]
[356,0]
[151,0]
[151,0]
[80,0]
[78,0]
[77,0]
[148,0]
[63,0]
[76,0]
[110,0]
[337,0]
[129,0]
[68,0]
[129,0]
[343,0]
[127,0]
[62,0]
[343,0]
[89,0]
[119,0]
[27,0]
[69,0]
[75,0]
[421,0]
[48,0]
[112,0]
[74,0]
[86,0]
[95,0]
[124,0]
[41,0]
[93,0]
[91,0]
[225,0]
[90,0]
[70,0]
[121,0]
[165,0]
[72,0]
[107,0]
[52,0]
[158,0]
[100,0]
[86,0]
[138,0]
[69,0]
[144,0]
[209,0]
[145,0]
[71,0]
[299,0]
[302,0]
[70,0]
[85,0]
[189,0]
[81,0]
[57,0]
[123,0]
[106,0]
[228,0]
[92,0]
[105,0]
[148,0]
[84,0]
[203,0]
[124,0]
[354,0]
[113,0]
[72,0]
[115,0]
[75,0]
[91,0]
[91,0]
[70,0]
[72,0]
[86,0]
[111,0]
[90,0]
[72,0]
[76,0]
[190,0]
[120,0]
[112,0]
[154,0]
[122,0]
[187,0]
[135,0]
[71,0]
[89,0]
[252,0]
[118,0]
[389,0]
[210,0]
[72,0]
[107,0]
[117,0]
[222,0]
[99,0]
[171,0]
[75,0]
[67,0]
[194,0]
[182,0]
[79,0]
[137,0]
[205,0]
[132,0]
[119,0]
[92,0]
[135,0]
[201,0]
[181,0]
[85,0]
[62,0]
[119,0]
[119,0]
[82,0]
[60,0]
[95,0]
[132,0]
[116,0]
[259,0]
[46,0]
[359,0]
[117,0]
[174,0]
[76,0]
[167,0]
[81,0]
[175,0]
[294,0]
[170,0]
[86,0]
[111,0]
[129,0]
[114,0]
[149,0]
[102,0]
[63,0]
[95,0]
[143,0]
[107,0]
[226,0]
[112,0]
[164,0]
[120,0]
[138,0]
[71,0]
[223,0]
[112,0]
[123,0]
[64,0]
[130,0]
[111,0]
[74,0]
[88,0]
[118,0]
[160,0]
[74,0]
[223,0]
[67,0]
[339,0]
[83,0]
[64,0]
[172,0]
[84,0]
[70,0]
[84,0]
[196,0]
[61,0]
[136,0]
[102,0]
[48,0]
[74,0]
[84,0]
[105,0]
[274,0]
[443,0]
[408,0]
[97,0]
[85,0]
[199,0]
[102,0]
[93,0]
[88,0]
[107,0]
[64,0]
[352,0]
[79,0]
[87,0]
[93,0]
[63,0]
[112,0]
[83,0]
[134,0]
[73,0]
[194,0]
[74,0]
[201,0]
[114,0]
[75,0]
[256,0]
[164,0]
[80,0]
[126,0]
[117,0]
[122,0]
[98,0]
[389,0]
[128,0]
[75,0]
[89,0]
[99,0]
[229,0]
[124,0]
[73,0]
[96,0]
[104,0]
[156,0]
[100,0]
[81,0]
[74,0]
[117,0]
[205,0]
[74,0]
[123,0]
[106,0]
[47,0]
[92,0]
[123,0]
[155,0]
[184,0]
[124,0]
[70,0]
[121,0]
[116,0]
[141,0]
[73,0]
[90,0]
[338,0]
[92,0]
[114,0]
[73,0]
[302,0]
[110,0]
[75,0]
[145,0]
[116,0]
[123,0]
[443,0]
[106,0]
[119,0]
[369,0]
[132,0]
[405,0]
[101,0]
[139,0]
[107,0]
[116,0]
[374,0]
[125,0]
[75,0]
[146,0]
[150,0]
[61,0]
[129,0]
[207,0]
[71,0]
[218,0]
[405,0]
[72,0]
[103,0]
[78,0]
[76,0]
[225,0]
[171,0]
[295,0]
[75,0]
[103,0]
[143,0]
[143,0]
[120,0]
[109,0]
[104,0]
[113,0]
[99,0]
[499,0]
[104,0]
[74,0]
[128,0]
[75,0]
[139,0]
[65,0]
[181,0]
[171,0]
[157,0]
[70,0]
[108,0]
[117,0]
[55,0]
[145,0]
[106,0]
[153,0]
[366,0]
[22,0]
[83,0]
[74,0]
[128,0]
[174,0]
[120,0]
[376,0]
[91,0]
[76,0]
[133,0]
[97,0]
[65,0]
[134,0]
[166,0]
[81,0]
[74,0]
[129,0]
[134,0]
[132,0]
[105,0]
[130,0]
[160,0]
[74,0]
[67,0]
[106,0]
[72,0]
[382,0]
[54,0]
[359,0]
[64,0]
[105,0]
[330,0]
[98,0]
[148,0]
[192,0]
[79,0]
[111,0]
[103,0]
[114,0]
[380,0]
[117,0]
[84,0]
[65,0]
[437,0]
[145,0]
[76,0]
[174,0]
[118,0]
[151,0]
[188,0]
[95,0]
[123,0]
[328,0]
[97,0]
[172,0]
[52,0]
[84,0]
[104,0]
[101,0]
[252,0]
[83,0]
[62,0]
[113,0]
[141,0]
[369,0]
[148,0]
[99,0]
[70,0]
[223,0]
[453,0]
[192,0]
[54,0]
[133,0]
[205,0]
[102,0]
[84,0]
[79,0]
[214,0]
[147,0]
[111,0]
[87,0]
[126,0]
[69,0]
[415,0]
[89,0]
[195,0]
[133,0]
[86,0]
[69,0]
[91,0]
[137,0]
[354,0]
[85,0]
[69,0]
[196,0]
[97,0]
[106,0]
[147,0]
[72,0]
[100,0]
[80,0]
[122,0]
[89,0]
[56,0]
[98,0]
[88,0]
[72,0]
[374,0]
[74,0]
[98,0]
[68,0]
[67,0]
[74,0]
[145,0]
[87,0]
[69,0]
[67,0]
[366,0]
[82,0]
[62,0]
[129,0]
[86,0]
[92,0]
[85,0]
[83,0]
[73,0]
[96,0]
[140,0]
[165,0]
[130,0]
[201,0]
[88,0]
[132,0]
[125,0]
[171,0]
[76,0]
[151,0]
[244,0]
[119,0]
[75,0]
[69,0]
[81,0]
[66,0]
[67,0]
[35,0]
[121,0]
[136,0]
[111,0]
[119,0]
[55,0]
[97,0]
[234,0]
[34,0]
[204,0]
[77,0]
[167,0]
[114,0]
[96,0]
[78,0]
[97,0]
[77,0]
[164,0]
[168,0]
[110,0]
[117,0]
[75,0]
[94,0]
[123,0]
[77,0]
[58,0]
[119,0]
[123,0]
[104,0]
[124,0]
[63,0]
[149,0]
[121,0]
[132,0]
[381,0]
[70,0]
[72,0]
[77,0]
[222,0]
[143,0]
[182,0]
[70,0]
[87,0]
[87,0]
[166,0]
[96,0]
[360,0]
[102,0]
[89,0]
[174,0]
[75,0]
[124,0]
[118,0]
[184,0]
[84,0]
[82,0]
[214,0]
[138,0]
[62,0]
[224,0]
[88,0]
[65,0]
[72,0]
[86,0]
[78,0]
[372,0]
[48,0]
[73,0]
[72,0]
[132,0]
[67,0]
[126,0]
[75,0]
[121,0]
[100,0]
[117,0]
[178,0]
[119,0]
[103,0]
[90,0]
[94,0]
[82,0]
[97,0]
[98,0]
[102,0]
[118,0]
[92,0]
[332,0]
[348,0]
[115,0]
[141,0]
[100,0]
[45,0]
[160,0]
[88,0]
[189,0]
[141,0]
[76,0]
[118,0]
[100,0]
[90,0]
[118,0]
[359,0]
[111,0]
[118,0]
[86,0]
[54,0]
[94,0]
[184,0]
[125,0]
[87,0]
[215,0]
[408,0]
[91,0]
[75,0]
[206,0]
[127,0]
[117,0]
[100,0]
[404,0]
[151,0]
[89,0]
[62,0]
[251,0]
[205,0]
[77,0]
[439,0]
[82,0]
[116,0]
[154,0]
[77,0]
[74,0]
[73,0]
[113,0]
[174,0]
[171,0]
[279,0]
[74,0]
[77,0]
[223,0]
[71,0]
[96,0]
[454,0]
[120,0]
[83,0]
[77,0]
[76,0]
[370,0]
[54,0]
[74,0]
[191,0]
[102,0]
[133,0]
[97,0]
[216,0]
[87,0]
[73,0]
[156,0]
[102,0]
[120,0]
[108,0]
[89,0]
[191,0]
[85,0]
[411,0]
[71,0]
[140,0]
[120,0]
[139,0]
[75,0]
[66,0]
[301,0]
[358,0]
[96,0]
[137,0]
[117,0]
[145,0]
[91,0]
[158,0]
[394,0]
[269,0]
[64,0]
[81,0]
[217,0]
[70,0]
[96,0]
[81,0]
[169,0]
[119,0]
[116,0]
[77,0]
[137,0]
[328,0]
[98,0]
[111,0]
[90,0]
[60,0]
[114,0]
[109,0]
[88,0]
[72,0]
[134,0]
[192,0]
[139,0]
[91,0]
[102,0]
[144,0]
[78,0]
[96,0]
[77,0]
[187,0]
[111,0]
[70,0]
[178,0]
[76,0]
[92,0]
[229,0]
[135,0]
[77,0]
[122,0]
[74,0]
[89,0]
[206,0]
[68,0]
[101,0]
[97,0]
[81,0]
[108,0]
[74,0]
[306,0]
[63,0]
[120,0]
[406,0]
[84,0]
[117,0]
[112,0]
[138,0]
[150,0]
[282,0]
[397,0]
[155,0]
[160,0]
[46,0]
[64,0]
[104,0]
[72,0]
[89,0]
[109,0]
[102,0]
[118,0]
[81,0]
[149,0]
[128,0]
[247,0]
[313,0]
[350,0]
[180,0]
[75,0]
[79,0]
[66,0]
[126,0]
[70,0]
[67,0]
[100,0]
[119,0]
[220,0]
[108,0]
[179,0]
[117,0]
[38,0]
[135,0]
[97,0]
[140,0]
[63,0]
[70,0]
[102,0]
[82,0]
[81,0]
[93,0]
[134,0]
[152,0]
[197,0]
[81,0]
[69,0]
[81,0]
[120,0]
[69,0]
[46,0]
[113,0]
[100,0]
[141,0]
[74,0]
[223,0]
[97,0]
[38,0]
[109,0]
[151,0]
[134,0]
[72,0]
[69,0]
[141,0]
[106,0]
[71,0]
[80,0]
[297,0]
[151,0]
[119,0]
[385,0]
[286,0]
[154,0]
[169,0]
[75,0]
